28.00000000000000000000 15.00000000000000000000
27.55748219099918216361 18.36298097269942629835
26.26005522727101854604 21.49701133436033116451
24.19604749917359691952 24.18872735436975700680
21.50597595710667524959 26.25487791340047726110
18.37297976489346977442 27.55480017784509357906
15.01035224723953323644 27.99999587811385006273
11.64701995208303161966 27.56015624099759056898
8.51195740837694139529 26.26522540073145385924
5.81859861733993175611 24.20336181242961821546
3.75030653759704717468 21.51493645417729788505
2.44788979676391320370 18.38297641815850141477
2.00001648754198591136 15.02070448791433039342
2.43717767385539345878 11.65702300311195423392
3.72961156949681162712 8.52093026541773681878
5.78932971050045087546 5.82593041130980455009
8.47610718010997766324 3.75549812243390602875
11.60702907384471980222 2.45058773112202755659
14.96894328454034044592 2.00003709695966641054
18.33297182595595653162 2.43451955525043137241
21.47009276892795953435 3.72445568668784266804
24.16673197710949555097 5.78202707425118118595
26.23930316218207325828 8.46715495143470828543
27.54670637648160871502 11.59703671745407450511
27.99993404987387774560 14.95859107668920287233
21.00000000000000000000 15.00000000000000000000
20.19694856643277779048 17.99862061585861438362
18.00275813404923473058 20.19455903695406642820
15.00477796026439995528 20.99999809759100772126
12.00551880386628064398 20.19933480033759408888
9.80783378658325254216 18.00689374808182979310
9.00000760963476272832 15.00955591749892172004
9.79828226284468228944 12.00966012250049391636
11.98897254466614353688 9.81022990266180278250
14.98566613132631097504 9.00001712167369218948
17.98619666258213516970 9.79590262462515815448
20.18737069023787996536 11.98484074681601920866
20.99996956148025126720 14.98088818924117055646
