2.0 3.0
2.0 6.0
2.0 9.0
2.0 12.0
2.0 15.0
2.0 18.0
2.0 21.0
2.0 24.0
2.0 27.0
6.0 3.0
6.0 6.0
6.0 9.0
6.0 12.0
6.0 15.0
6.0 18.0
6.0 21.0
6.0 24.0
6.0 27.0
10.0 3.0
10.0 6.0
10.0 9.0
10.0 12.0
10.0 15.0
10.0 18.0
10.0 21.0
10.0 24.0
10.0 27.0
14.0 3.0
14.0 6.0
14.0 9.0
14.0 12.0
14.0 15.0
14.0 18.0
14.0 21.0
14.0 24.0
14.0 27.0
18.0 3.0
18.0 6.0
18.0 9.0
18.0 12.0
18.0 15.0
18.0 18.0
18.0 21.0
18.0 24.0
18.0 27.0
22.0 3.0
22.0 6.0
22.0 9.0
22.0 12.0
22.0 15.0
22.0 18.0
22.0 21.0
22.0 24.0
22.0 27.0
26.0 3.0
26.0 6.0
26.0 9.0
26.0 12.0
26.0 15.0
26.0 18.0
26.0 21.0
26.0 24.0
26.0 27.0
